0.000000000000000000e+00
2.513274122871834493e+00
5.026548245743668986e+00
7.539822368615503478e+00
1.005309649148733797e+01
1.256637061435917246e+01
1.507964473723100696e+01
1.759291886010284145e+01
2.010619298297467594e+01
2.261946710584651044e+01
2.513274122871834493e+01
2.764601535159017942e+01
3.015928947446201391e+01
3.267256359733384841e+01
3.518583772020568290e+01
3.769911184307751739e+01
4.021238596594935188e+01
4.272566008882118638e+01
4.523893421169302087e+01
4.775220833456485536e+01
5.026548245743668986e+01
5.277875658030852435e+01
5.529203070318035884e+01
5.780530482605219333e+01
6.031857894892402783e+01
6.283185307179585521e+01
6.534512719466769681e+01
6.785840131753953131e+01
7.037167544041136580e+01
7.288494956328320029e+01
7.539822368615503478e+01
7.791149780902686928e+01
8.042477193189870377e+01
8.293804605477053826e+01
8.545132017764237276e+01
8.796459430051420725e+01
9.047786842338604174e+01
9.299114254625787623e+01
9.550441666912971073e+01
9.801769079200154522e+01
1.005309649148733797e+02
1.030442390377452142e+02
1.055575131606170487e+02
1.080707872834888832e+02
1.105840614063607177e+02
1.130973355292325522e+02
1.156106096521043867e+02
1.181238837749762212e+02
1.206371578978480557e+02
1.231504320207198759e+02
1.256637061435917104e+02
1.281769802664635449e+02
1.306902543893353936e+02
1.332035285122072139e+02
1.357168026350790626e+02
1.382300767579508829e+02
1.407433508808227316e+02
1.432566250036945519e+02
1.457698991265664006e+02
1.482831732494382209e+02
1.507964473723100696e+02
1.533097214951818898e+02
1.558229956180537386e+02
1.583362697409255588e+02
1.608495438637974075e+02
1.633628179866692278e+02
1.658760921095410765e+02
1.683893662324128968e+02
1.709026403552847455e+02
1.734159144781565658e+02
1.759291886010284145e+02
1.784424627239002348e+02
1.809557368467720835e+02
1.834690109696439038e+02
1.859822850925157525e+02
1.884955592153875727e+02
1.910088333382594215e+02
1.935221074611312417e+02
1.960353815840030904e+02
1.985486557068749107e+02
2.010619298297467594e+02
2.035752039526185797e+02
2.060884780754904284e+02
2.086017521983622487e+02
2.111150263212340974e+02
2.136283004441059177e+02
2.161415745669777664e+02
2.186548486898495867e+02
2.211681228127214354e+02
2.236813969355932556e+02
2.261946710584651044e+02
2.287079451813369246e+02
2.312212193042087733e+02
2.337344934270805936e+02
2.362477675499524423e+02
2.387610416728242626e+02
2.412743157956961113e+02
2.437875899185679316e+02
2.463008640414397519e+02
2.488141381643116006e+02
2.513274122871834209e+02
2.538406864100552696e+02
2.563539605329270898e+02
2.588672346557989385e+02
2.613805087786707873e+02
2.638937829015425791e+02
2.664070570244144278e+02
2.689203311472862765e+02
2.714336052701581252e+02
2.739468793930299171e+02
2.764601535159017658e+02
2.789734276387736145e+02
2.814867017616454632e+02
2.839999758845172551e+02
2.865132500073891038e+02
2.890265241302609525e+02
2.915397982531328012e+02
2.940530723760045930e+02
2.965663464988764417e+02
2.990796206217482904e+02
3.015928947446201391e+02
3.041061688674919310e+02
3.066194429903637797e+02
3.091327171132356284e+02
3.116459912361074771e+02
3.141592653589792690e+02
3.166725394818511177e+02
3.191858136047229664e+02
3.216990877275948151e+02
3.242123618504666069e+02
3.267256359733384556e+02
3.292389100962103043e+02
3.317521842190821530e+02
3.342654583419539449e+02
3.367787324648257936e+02
3.392920065876976423e+02
3.418052807105694910e+02
3.443185548334412829e+02
3.468318289563131316e+02
3.493451030791849803e+02
3.518583772020568290e+02
3.543716513249286209e+02
3.568849254478004696e+02
3.593981995706723183e+02
3.619114736935441670e+02
3.644247478164159588e+02
3.669380219392878075e+02
3.694512960621596562e+02
3.719645701850315049e+02
3.744778443079032968e+02
3.769911184307751455e+02
3.795043925536469942e+02
3.820176666765188429e+02
3.845309407993906348e+02
3.870442149222624835e+02
3.895574890451343322e+02
3.920707631680061809e+02
3.945840372908779727e+02
3.970973114137498214e+02
3.996105855366216701e+02
4.021238596594935188e+02
4.046371337823653107e+02
4.071504079052371594e+02
4.096636820281090081e+02
4.121769561509808568e+02
4.146902302738526487e+02
4.172035043967244974e+02
4.197167785195963461e+02
4.222300526424681948e+02
4.247433267653399867e+02
4.272566008882118354e+02
4.297698750110836841e+02
4.322831491339555328e+02
4.347964232568273246e+02
4.373096973796991733e+02
4.398229715025710220e+02
4.423362456254428707e+02
4.448495197483146626e+02
4.473627938711865113e+02
4.498760679940583600e+02
4.523893421169302087e+02
4.549026162398020006e+02
4.574158903626738493e+02
4.599291644855456980e+02
4.624424386084175467e+02
4.649557127312893385e+02
4.674689868541611872e+02
4.699822609770330359e+02
4.724955350999048846e+02
4.750088092227766765e+02
4.775220833456485252e+02
4.800353574685203739e+02
4.825486315913922226e+02
4.850619057142640145e+02
4.875751798371358632e+02
4.900884539600077119e+02
4.926017280828795037e+02
4.951150022057513524e+02
4.976282763286232012e+02
5.001415504514950499e+02
5.026548245743668417e+02
5.051680986972386904e+02
5.076813728201105391e+02
5.101946469429823878e+02
5.127079210658541797e+02
5.152211951887260284e+02
5.177344693115978771e+02
5.202477434344697258e+02
5.227610175573415745e+02
5.252742916802134232e+02
5.277875658030851582e+02
5.303008399259570069e+02
5.328141140488288556e+02
5.353273881717007043e+02
5.378406622945725530e+02
5.403539364174444017e+02
5.428672105403162504e+02
5.453804846631880991e+02
5.478937587860598342e+02
5.504070329089316829e+02
5.529203070318035316e+02
5.554335811546753803e+02
5.579468552775472290e+02
5.604601294004190777e+02
5.629734035232909264e+02
5.654866776461627751e+02
5.679999517690345101e+02
5.705132258919063588e+02
5.730265000147782075e+02
5.755397741376500562e+02
5.780530482605219049e+02
5.805663223833937536e+02
5.830795965062656023e+02
5.855928706291374510e+02
5.881061447520091860e+02
5.906194188748810348e+02
5.931326929977528835e+02
5.956459671206247322e+02
5.981592412434965809e+02
6.006725153663684296e+02
6.031857894892402783e+02
6.056990636121121270e+02
6.082123377349838620e+02
6.107256118578557107e+02
6.132388859807275594e+02
6.157521601035994081e+02
6.182654342264712568e+02
6.207787083493431055e+02
6.232919824722149542e+02
6.258052565950868029e+02
6.283185307179585379e+02
6.308318048408303866e+02
6.333450789637022353e+02
6.358583530865740840e+02
6.383716272094459327e+02
6.408849013323177815e+02
6.433981754551896302e+02
6.459114495780614789e+02
6.484247237009332139e+02
6.509379978238050626e+02
6.534512719466769113e+02
6.559645460695487600e+02
6.584778201924206087e+02
6.609910943152924574e+02
6.635043684381643061e+02
6.660176425610361548e+02
6.685309166839078898e+02
6.710441908067797385e+02
6.735574649296515872e+02
6.760707390525234359e+02
6.785840131753952846e+02
6.810972872982671333e+02
6.836105614211389820e+02
6.861238355440108307e+02
6.886371096668825658e+02
6.911503837897544145e+02
6.936636579126262632e+02
6.961769320354981119e+02
6.986902061583699606e+02
7.012034802812418093e+02
7.037167544041136580e+02
7.062300285269855067e+02
7.087433026498572417e+02
7.112565767727290904e+02
7.137698508956009391e+02
7.162831250184727878e+02
7.187963991413446365e+02
7.213096732642164852e+02
7.238229473870883339e+02
7.263362215099601826e+02
7.288494956328319176e+02
7.313627697557037664e+02
7.338760438785756151e+02
7.363893180014474638e+02
7.389025921243193125e+02
7.414158662471911612e+02
7.439291403700630099e+02
7.464424144929347449e+02
7.489556886158065936e+02
7.514689627386784423e+02
7.539822368615502910e+02
7.564955109844221397e+02
7.590087851072939884e+02
7.615220592301658371e+02
7.640353333530376858e+02
7.665486074759094208e+02
7.690618815987812695e+02
7.715751557216531182e+02
7.740884298445249669e+02
7.766017039673968156e+02
7.791149780902686643e+02
7.816282522131405130e+02
7.841415263360123618e+02
7.866548004588840968e+02
7.891680745817559455e+02
7.916813487046277942e+02
7.941946228274996429e+02
7.967078969503714916e+02
7.992211710732433403e+02
8.017344451961151890e+02
8.042477193189870377e+02
8.067609934418587727e+02
8.092742675647306214e+02
8.117875416876024701e+02
8.143008158104743188e+02
8.168140899333461675e+02
8.193273640562180162e+02
8.218406381790898649e+02
8.243539123019617136e+02
8.268671864248334487e+02
8.293804605477052974e+02
8.318937346705771461e+02
8.344070087934489948e+02
8.369202829163208435e+02
8.394335570391926922e+02
8.419468311620645409e+02
8.444601052849363896e+02
8.469733794078081246e+02
8.494866535306799733e+02
8.519999276535518220e+02
8.545132017764236707e+02
8.570264758992955194e+02
8.595397500221673681e+02
8.620530241450392168e+02
8.645662982679110655e+02
8.670795723907828005e+02
8.695928465136546492e+02
8.721061206365264979e+02
8.746193947593983467e+02
8.771326688822701954e+02
8.796459430051420441e+02
8.821592171280138928e+02
8.846724912508857415e+02
8.871857653737574765e+02
8.896990394966293252e+02
8.922123136195011739e+02
8.947255877423730226e+02
8.972388618652448713e+02
8.997521359881167200e+02
9.022654101109885687e+02
9.047786842338604174e+02
9.072919583567321524e+02
9.098052324796040011e+02
9.123185066024758498e+02
9.148317807253476985e+02
9.173450548482195472e+02
9.198583289710913959e+02
9.223716030939632446e+02
9.248848772168350933e+02
9.273981513397068284e+02
9.299114254625786771e+02
9.324246995854505258e+02
9.349379737083223745e+02
9.374512478311942232e+02
9.399645219540660719e+02
9.424777960769379206e+02
9.449910701998097693e+02
9.475043443226815043e+02
9.500176184455533530e+02
9.525308925684252017e+02
9.550441666912970504e+02
9.575574408141688991e+02
9.600707149370407478e+02
9.625839890599125965e+02
9.650972631827844452e+02
9.676105373056561803e+02
9.701238114285280290e+02
9.726370855513998777e+02
9.751503596742717264e+02
9.776636337971435751e+02
9.801769079200154238e+02
9.826901820428872725e+02
9.852034561657590075e+02
9.877167302886308562e+02
9.902300044115027049e+02
9.927432785343745536e+02
9.952565526572464023e+02
9.977698267801182510e+02
1.000283100902990100e+03
1.002796375025861948e+03
1.005309649148733683e+03
1.007822923271605532e+03
1.010336197394477381e+03
1.012849471517349230e+03
1.015362745640221078e+03
1.017876019763092927e+03
1.020389293885964776e+03
1.022902568008836624e+03
1.025415842131708359e+03
1.027929116254580322e+03
1.030442390377452057e+03
1.032955664500324019e+03
1.035468938623195754e+03
1.037982212746067489e+03
1.040495486868939452e+03
1.043008760991811187e+03
1.045522035114683149e+03
1.048035309237554884e+03
1.050548583360426846e+03
1.053061857483298581e+03
1.055575131606170316e+03
1.058088405729042279e+03
1.060601679851914014e+03
1.063114953974785976e+03
1.065628228097657711e+03
1.068141502220529674e+03
1.070654776343401409e+03
1.073168050466273371e+03
1.075681324589145106e+03
1.078194598712016841e+03
1.080707872834888803e+03
1.083221146957760538e+03
1.085734421080632501e+03
1.088247695203504236e+03
1.090760969326376198e+03
1.093274243449247933e+03
1.095787517572119668e+03
1.098300791694991631e+03
1.100814065817863366e+03
1.103327339940735328e+03
1.105840614063607063e+03
1.108353888186479026e+03
1.110867162309350761e+03
1.113380436432222723e+03
1.115893710555094458e+03
1.118406984677966193e+03
1.120920258800838155e+03
1.123433532923709890e+03
1.125946807046581853e+03
1.128460081169453588e+03
1.130973355292325550e+03
1.133486629415197285e+03
1.135999903538069020e+03
1.138513177660940983e+03
1.141026451783812718e+03
1.143539725906684680e+03
1.146053000029556415e+03
1.148566274152428377e+03
1.151079548275300112e+03
1.153592822398172075e+03
1.156106096521043810e+03
1.158619370643915545e+03
1.161132644766787507e+03
1.163645918889659242e+03
1.166159193012531205e+03
1.168672467135402940e+03
1.171185741258274902e+03
1.173699015381146637e+03
1.176212289504018372e+03
1.178725563626890334e+03
1.181238837749762070e+03
1.183752111872634032e+03
1.186265385995505767e+03
1.188778660118377729e+03
1.191291934241249464e+03
1.193805208364121427e+03
1.196318482486993162e+03
1.198831756609864897e+03
1.201345030732736859e+03
1.203858304855608594e+03
1.206371578978480557e+03
1.208884853101352292e+03
1.211398127224224254e+03
1.213911401347095989e+03
1.216424675469967724e+03
1.218937949592839686e+03
1.221451223715711421e+03
1.223964497838583384e+03
1.226477771961455119e+03
1.228991046084327081e+03
1.231504320207198816e+03
1.234017594330070551e+03
1.236530868452942514e+03
1.239044142575814249e+03
1.241557416698686211e+03
1.244070690821557946e+03
1.246583964944429908e+03
1.249097239067301643e+03
1.251610513190173606e+03
1.254123787313045341e+03
1.256637061435917076e+03
1.259150335558789038e+03
1.261663609681660773e+03
1.264176883804532736e+03
1.266690157927404471e+03
1.269203432050276433e+03
1.271716706173148168e+03
1.274229980296019903e+03
1.276743254418891865e+03
1.279256528541763601e+03
1.281769802664635563e+03
1.284283076787507298e+03
-1.284283076787507298e+03
-1.281769802664635563e+03
-1.279256528541763601e+03
-1.276743254418891865e+03
-1.274229980296019903e+03
-1.271716706173148168e+03
-1.269203432050276433e+03
-1.266690157927404471e+03
-1.264176883804532736e+03
-1.261663609681660773e+03
-1.259150335558789038e+03
-1.256637061435917076e+03
-1.254123787313045341e+03
-1.251610513190173606e+03
-1.249097239067301643e+03
-1.246583964944429908e+03
-1.244070690821557946e+03
-1.241557416698686211e+03
-1.239044142575814249e+03
-1.236530868452942514e+03
-1.234017594330070551e+03
-1.231504320207198816e+03
-1.228991046084327081e+03
-1.226477771961455119e+03
-1.223964497838583384e+03
-1.221451223715711421e+03
-1.218937949592839686e+03
-1.216424675469967724e+03
-1.213911401347095989e+03
-1.211398127224224254e+03
-1.208884853101352292e+03
-1.206371578978480557e+03
-1.203858304855608594e+03
-1.201345030732736859e+03
-1.198831756609864897e+03
-1.196318482486993162e+03
-1.193805208364121427e+03
-1.191291934241249464e+03
-1.188778660118377729e+03
-1.186265385995505767e+03
-1.183752111872634032e+03
-1.181238837749762070e+03
-1.178725563626890334e+03
-1.176212289504018372e+03
-1.173699015381146637e+03
-1.171185741258274902e+03
-1.168672467135402940e+03
-1.166159193012531205e+03
-1.163645918889659242e+03
-1.161132644766787507e+03
-1.158619370643915545e+03
-1.156106096521043810e+03
-1.153592822398172075e+03
-1.151079548275300112e+03
-1.148566274152428377e+03
-1.146053000029556415e+03
-1.143539725906684680e+03
-1.141026451783812718e+03
-1.138513177660940983e+03
-1.135999903538069020e+03
-1.133486629415197285e+03
-1.130973355292325550e+03
-1.128460081169453588e+03
-1.125946807046581853e+03
-1.123433532923709890e+03
-1.120920258800838155e+03
-1.118406984677966193e+03
-1.115893710555094458e+03
-1.113380436432222723e+03
-1.110867162309350761e+03
-1.108353888186479026e+03
-1.105840614063607063e+03
-1.103327339940735328e+03
-1.100814065817863366e+03
-1.098300791694991631e+03
-1.095787517572119668e+03
-1.093274243449247933e+03
-1.090760969326376198e+03
-1.088247695203504236e+03
-1.085734421080632501e+03
-1.083221146957760538e+03
-1.080707872834888803e+03
-1.078194598712016841e+03
-1.075681324589145106e+03
-1.073168050466273371e+03
-1.070654776343401409e+03
-1.068141502220529674e+03
-1.065628228097657711e+03
-1.063114953974785976e+03
-1.060601679851914014e+03
-1.058088405729042279e+03
-1.055575131606170316e+03
-1.053061857483298581e+03
-1.050548583360426846e+03
-1.048035309237554884e+03
-1.045522035114683149e+03
-1.043008760991811187e+03
-1.040495486868939452e+03
-1.037982212746067489e+03
-1.035468938623195754e+03
-1.032955664500324019e+03
-1.030442390377452057e+03
-1.027929116254580322e+03
-1.025415842131708359e+03
-1.022902568008836624e+03
-1.020389293885964776e+03
-1.017876019763092927e+03
-1.015362745640221078e+03
-1.012849471517349230e+03
-1.010336197394477381e+03
-1.007822923271605532e+03
-1.005309649148733683e+03
-1.002796375025861948e+03
-1.000283100902990100e+03
-9.977698267801182510e+02
-9.952565526572464023e+02
-9.927432785343745536e+02
-9.902300044115027049e+02
-9.877167302886308562e+02
-9.852034561657590075e+02
-9.826901820428872725e+02
-9.801769079200154238e+02
-9.776636337971435751e+02
-9.751503596742717264e+02
-9.726370855513998777e+02
-9.701238114285280290e+02
-9.676105373056561803e+02
-9.650972631827844452e+02
-9.625839890599125965e+02
-9.600707149370407478e+02
-9.575574408141688991e+02
-9.550441666912970504e+02
-9.525308925684252017e+02
-9.500176184455533530e+02
-9.475043443226815043e+02
-9.449910701998097693e+02
-9.424777960769379206e+02
-9.399645219540660719e+02
-9.374512478311942232e+02
-9.349379737083223745e+02
-9.324246995854505258e+02
-9.299114254625786771e+02
-9.273981513397068284e+02
-9.248848772168350933e+02
-9.223716030939632446e+02
-9.198583289710913959e+02
-9.173450548482195472e+02
-9.148317807253476985e+02
-9.123185066024758498e+02
-9.098052324796040011e+02
-9.072919583567321524e+02
-9.047786842338604174e+02
-9.022654101109885687e+02
-8.997521359881167200e+02
-8.972388618652448713e+02
-8.947255877423730226e+02
-8.922123136195011739e+02
-8.896990394966293252e+02
-8.871857653737574765e+02
-8.846724912508857415e+02
-8.821592171280138928e+02
-8.796459430051420441e+02
-8.771326688822701954e+02
-8.746193947593983467e+02
-8.721061206365264979e+02
-8.695928465136546492e+02
-8.670795723907828005e+02
-8.645662982679110655e+02
-8.620530241450392168e+02
-8.595397500221673681e+02
-8.570264758992955194e+02
-8.545132017764236707e+02
-8.519999276535518220e+02
-8.494866535306799733e+02
-8.469733794078081246e+02
-8.444601052849363896e+02
-8.419468311620645409e+02
-8.394335570391926922e+02
-8.369202829163208435e+02
-8.344070087934489948e+02
-8.318937346705771461e+02
-8.293804605477052974e+02
-8.268671864248334487e+02
-8.243539123019617136e+02
-8.218406381790898649e+02
-8.193273640562180162e+02
-8.168140899333461675e+02
-8.143008158104743188e+02
-8.117875416876024701e+02
-8.092742675647306214e+02
-8.067609934418587727e+02
-8.042477193189870377e+02
-8.017344451961151890e+02
-7.992211710732433403e+02
-7.967078969503714916e+02
-7.941946228274996429e+02
-7.916813487046277942e+02
-7.891680745817559455e+02
-7.866548004588840968e+02
-7.841415263360123618e+02
-7.816282522131405130e+02
-7.791149780902686643e+02
-7.766017039673968156e+02
-7.740884298445249669e+02
-7.715751557216531182e+02
-7.690618815987812695e+02
-7.665486074759094208e+02
-7.640353333530376858e+02
-7.615220592301658371e+02
-7.590087851072939884e+02
-7.564955109844221397e+02
-7.539822368615502910e+02
-7.514689627386784423e+02
-7.489556886158065936e+02
-7.464424144929347449e+02
-7.439291403700630099e+02
-7.414158662471911612e+02
-7.389025921243193125e+02
-7.363893180014474638e+02
-7.338760438785756151e+02
-7.313627697557037664e+02
-7.288494956328319176e+02
-7.263362215099601826e+02
-7.238229473870883339e+02
-7.213096732642164852e+02
-7.187963991413446365e+02
-7.162831250184727878e+02
-7.137698508956009391e+02
-7.112565767727290904e+02
-7.087433026498572417e+02
-7.062300285269855067e+02
-7.037167544041136580e+02
-7.012034802812418093e+02
-6.986902061583699606e+02
-6.961769320354981119e+02
-6.936636579126262632e+02
-6.911503837897544145e+02
-6.886371096668825658e+02
-6.861238355440108307e+02
-6.836105614211389820e+02
-6.810972872982671333e+02
-6.785840131753952846e+02
-6.760707390525234359e+02
-6.735574649296515872e+02
-6.710441908067797385e+02
-6.685309166839078898e+02
-6.660176425610361548e+02
-6.635043684381643061e+02
-6.609910943152924574e+02
-6.584778201924206087e+02
-6.559645460695487600e+02
-6.534512719466769113e+02
-6.509379978238050626e+02
-6.484247237009332139e+02
-6.459114495780614789e+02
-6.433981754551896302e+02
-6.408849013323177815e+02
-6.383716272094459327e+02
-6.358583530865740840e+02
-6.333450789637022353e+02
-6.308318048408303866e+02
-6.283185307179585379e+02
-6.258052565950868029e+02
-6.232919824722149542e+02
-6.207787083493431055e+02
-6.182654342264712568e+02
-6.157521601035994081e+02
-6.132388859807275594e+02
-6.107256118578557107e+02
-6.082123377349838620e+02
-6.056990636121121270e+02
-6.031857894892402783e+02
-6.006725153663684296e+02
-5.981592412434965809e+02
-5.956459671206247322e+02
-5.931326929977528835e+02
-5.906194188748810348e+02
-5.881061447520091860e+02
-5.855928706291374510e+02
-5.830795965062656023e+02
-5.805663223833937536e+02
-5.780530482605219049e+02
-5.755397741376500562e+02
-5.730265000147782075e+02
-5.705132258919063588e+02
-5.679999517690345101e+02
-5.654866776461627751e+02
-5.629734035232909264e+02
-5.604601294004190777e+02
-5.579468552775472290e+02
-5.554335811546753803e+02
-5.529203070318035316e+02
-5.504070329089316829e+02
-5.478937587860598342e+02
-5.453804846631880991e+02
-5.428672105403162504e+02
-5.403539364174444017e+02
-5.378406622945725530e+02
-5.353273881717007043e+02
-5.328141140488288556e+02
-5.303008399259570069e+02
-5.277875658030851582e+02
-5.252742916802134232e+02
-5.227610175573415745e+02
-5.202477434344697258e+02
-5.177344693115978771e+02
-5.152211951887260284e+02
-5.127079210658541797e+02
-5.101946469429823878e+02
-5.076813728201105391e+02
-5.051680986972386904e+02
-5.026548245743668417e+02
-5.001415504514950499e+02
-4.976282763286232012e+02
-4.951150022057513524e+02
-4.926017280828795037e+02
-4.900884539600077119e+02
-4.875751798371358632e+02
-4.850619057142640145e+02
-4.825486315913922226e+02
-4.800353574685203739e+02
-4.775220833456485252e+02
-4.750088092227766765e+02
-4.724955350999048846e+02
-4.699822609770330359e+02
-4.674689868541611872e+02
-4.649557127312893385e+02
-4.624424386084175467e+02
-4.599291644855456980e+02
-4.574158903626738493e+02
-4.549026162398020006e+02
-4.523893421169302087e+02
-4.498760679940583600e+02
-4.473627938711865113e+02
-4.448495197483146626e+02
-4.423362456254428707e+02
-4.398229715025710220e+02
-4.373096973796991733e+02
-4.347964232568273246e+02
-4.322831491339555328e+02
-4.297698750110836841e+02
-4.272566008882118354e+02
-4.247433267653399867e+02
-4.222300526424681948e+02
-4.197167785195963461e+02
-4.172035043967244974e+02
-4.146902302738526487e+02
-4.121769561509808568e+02
-4.096636820281090081e+02
-4.071504079052371594e+02
-4.046371337823653107e+02
-4.021238596594935188e+02
-3.996105855366216701e+02
-3.970973114137498214e+02
-3.945840372908779727e+02
-3.920707631680061809e+02
-3.895574890451343322e+02
-3.870442149222624835e+02
-3.845309407993906348e+02
-3.820176666765188429e+02
-3.795043925536469942e+02
-3.769911184307751455e+02
-3.744778443079032968e+02
-3.719645701850315049e+02
-3.694512960621596562e+02
-3.669380219392878075e+02
-3.644247478164159588e+02
-3.619114736935441670e+02
-3.593981995706723183e+02
-3.568849254478004696e+02
-3.543716513249286209e+02
-3.518583772020568290e+02
-3.493451030791849803e+02
-3.468318289563131316e+02
-3.443185548334412829e+02
-3.418052807105694910e+02
-3.392920065876976423e+02
-3.367787324648257936e+02
-3.342654583419539449e+02
-3.317521842190821530e+02
-3.292389100962103043e+02
-3.267256359733384556e+02
-3.242123618504666069e+02
-3.216990877275948151e+02
-3.191858136047229664e+02
-3.166725394818511177e+02
-3.141592653589792690e+02
-3.116459912361074771e+02
-3.091327171132356284e+02
-3.066194429903637797e+02
-3.041061688674919310e+02
-3.015928947446201391e+02
-2.990796206217482904e+02
-2.965663464988764417e+02
-2.940530723760045930e+02
-2.915397982531328012e+02
-2.890265241302609525e+02
-2.865132500073891038e+02
-2.839999758845172551e+02
-2.814867017616454632e+02
-2.789734276387736145e+02
-2.764601535159017658e+02
-2.739468793930299171e+02
-2.714336052701581252e+02
-2.689203311472862765e+02
-2.664070570244144278e+02
-2.638937829015425791e+02
-2.613805087786707873e+02
-2.588672346557989385e+02
-2.563539605329270898e+02
-2.538406864100552696e+02
-2.513274122871834209e+02
-2.488141381643116006e+02
-2.463008640414397519e+02
-2.437875899185679316e+02
-2.412743157956961113e+02
-2.387610416728242626e+02
-2.362477675499524423e+02
-2.337344934270805936e+02
-2.312212193042087733e+02
-2.287079451813369246e+02
-2.261946710584651044e+02
-2.236813969355932556e+02
-2.211681228127214354e+02
-2.186548486898495867e+02
-2.161415745669777664e+02
-2.136283004441059177e+02
-2.111150263212340974e+02
-2.086017521983622487e+02
-2.060884780754904284e+02
-2.035752039526185797e+02
-2.010619298297467594e+02
-1.985486557068749107e+02
-1.960353815840030904e+02
-1.935221074611312417e+02
-1.910088333382594215e+02
-1.884955592153875727e+02
-1.859822850925157525e+02
-1.834690109696439038e+02
-1.809557368467720835e+02
-1.784424627239002348e+02
-1.759291886010284145e+02
-1.734159144781565658e+02
-1.709026403552847455e+02
-1.683893662324128968e+02
-1.658760921095410765e+02
-1.633628179866692278e+02
-1.608495438637974075e+02
-1.583362697409255588e+02
-1.558229956180537386e+02
-1.533097214951818898e+02
-1.507964473723100696e+02
-1.482831732494382209e+02
-1.457698991265664006e+02
-1.432566250036945519e+02
-1.407433508808227316e+02
-1.382300767579508829e+02
-1.357168026350790626e+02
-1.332035285122072139e+02
-1.306902543893353936e+02
-1.281769802664635449e+02
-1.256637061435917104e+02
-1.231504320207198759e+02
-1.206371578978480557e+02
-1.181238837749762212e+02
-1.156106096521043867e+02
-1.130973355292325522e+02
-1.105840614063607177e+02
-1.080707872834888832e+02
-1.055575131606170487e+02
-1.030442390377452142e+02
-1.005309649148733797e+02
-9.801769079200154522e+01
-9.550441666912971073e+01
-9.299114254625787623e+01
-9.047786842338604174e+01
-8.796459430051420725e+01
-8.545132017764237276e+01
-8.293804605477053826e+01
-8.042477193189870377e+01
-7.791149780902686928e+01
-7.539822368615503478e+01
-7.288494956328320029e+01
-7.037167544041136580e+01
-6.785840131753953131e+01
-6.534512719466769681e+01
-6.283185307179585521e+01
-6.031857894892402783e+01
-5.780530482605219333e+01
-5.529203070318035884e+01
-5.277875658030852435e+01
-5.026548245743668986e+01
-4.775220833456485536e+01
-4.523893421169302087e+01
-4.272566008882118638e+01
-4.021238596594935188e+01
-3.769911184307751739e+01
-3.518583772020568290e+01
-3.267256359733384841e+01
-3.015928947446201391e+01
-2.764601535159017942e+01
-2.513274122871834493e+01
-2.261946710584651044e+01
-2.010619298297467594e+01
-1.759291886010284145e+01
-1.507964473723100696e+01
-1.256637061435917246e+01
-1.005309649148733797e+01
-7.539822368615503478e+00
-5.026548245743668986e+00
-2.513274122871834493e+00
